38
64
34
9
5
12
89
70
23
12
79
2
1
58
84
98
58
52
91
6
10
4
35
78
3
43
69
49
100
36
38
61
94
48
31
56
20
51
100
52
85
56
48
81
62
40
37
1
13
47
86
2
48
77
14
35
30
56
6
62
44
40
70
87
74
19
8
53
27
29
79
8
53
39
22
55
57
54
17
64
7
69
36
53
51
36
14
18
35
97
27
64
45
38
9
45
86
61
7
44
32
84
74
85
69
78
50
9
55
59
79
76
40
43
56
76
5
17
37
39
5
91
18
31
3
15
64
16
31
77
69
96
48
73
32
23
95
52
85
74
87
5
63
76
19
51
25
2
82
34
40
70
25
69
39
41
66
44
82
54
14
35
79
79
91
83
29
68
11
33
81
54
33
64
52
1
29
43
13
52
91
62
34
98
38
100
72
79
34
92
57
51
70
31
60
53
26
85
86
36
23
57
92
49
53
86
38
62
18
39
13
24
32
30
64
53
1
82
41
92
12
50
34
20
77
30
84
2
5
100
76
45
57
77
30
34
71
85
45
52
63
11
61
96
79
33
20
41
68
7
52
45
44
95
25
73
23
72
73
23
3
36
57
18
63
68
68
55
1
30
83
17
37
90
29
2
90
39
41
44
11
44
35
98
49
31
2
63
53
57
12
99
12
23
50
27
54
44
33
12
66
65
41
38
25
36
8
54
66
24
84
85
32
30
13
60
2
60
70
32
67
5
3
44
19
85
5
15
41
3
48
46
6
30
78
46
3
97
74
13
24
48
97
30
74
27
67
83
10
91
26
94
74
1
45
62
63
98
20
40
31
94
14
64
76
38
79
3
52
68
57
6
87
57
9
20
8
73
71
92
18
22
5
51
78
54
73
5
85
17
83
6
77
34
83
31
34
34
55
36
48
65
31
43
34
20
8
17
93
26
54
90
27
28
23
10
89
64
87
22
65
74
18
36
85
51
29
53
75
78
86
75
19
36
44
53
91
63
17
58
47
57
13
59
63
94
80
50
12
74
43
70
48
33
71
74
47
96
59
84
92
55
42
15
41
80
71
92
84
70
19
27
48
29
75
9
62
60
74
91
72
80
42
2
36
16
28
86
65
71
6
96
4
33
66
93
15
99
19
84
23
88
66
42
55
17
23
19
59
63
13
88
23
68
13
13
13
41
79
25
53
85
28
14
64
23
23
16
63
83
94
64
41
90
69
84
15
1
47
20
94
9
28
3
58
19
74
36
21
54
80
75
20
94
32
38
61
52
79
33
94
7
56
76
69
49
47
33
100
29
99
13
94
60
31
44
57
25
56
46
49
87
95
10
3
20
45
48
58
31
24
63
23
15
26
87
54
53
35
10
72
41
36
92
56
68
81
61
63
89
82
36
96
33
84
7
13
47
73
50
5
100
75
70
6
36
91
80
34
45
91
5
91
47
75
8
52
3
54
36
39
85
85
70
50
88
68
90
32
19
75
7
81
85
5
72
67
66
87
21
78
2
27
19
98
77
46
49
59
76
56
10
93
37
11
21
16
5
21
19
69
1
49
15
71
84
25
6
43
3
42
86
17
34
59
38
58
67
72
73
43
19
31
56
64
65
15
44
75
84
57
62
45
69
52
77
53
12
49
15
53
40
7
56
34
70
94
60
79
74
64
50
34
49
77
50
70
93
52
6
69
81
32
59
47
81
41
48
82
83
85
46
18
58
20
3
13
76
23
94
72
56
65
2
21
7
29
97
93
2
7
61
61
44
46
72
9
48
9
53
30
46
78
97
90
18
32
76
30
74
38
95
71
58
34
14
16
30
39
40
53
45
56
81
76
24
86
75
12
48
95
66
68
70
65
27
78
69
13
4
76
53
68
19
65
12
90
3
11
32
56
79
9
69
1
85
90
98
21
66
32
57
64
82
80
73
28
2
94
7
36
48
18
36
65
100
78
37
16
65
35
84
65
81
92
16
57
99
69
80
38
81
49
48
72
19
89
86
40
92
85
89
10
4
96
9
61
74
5
1
8
54
82
57
31
49
93
84
90
65
17
29
33
14
70
56
100
71
64
46
11
92
98
25
80
46
75
61
85
84
55
83
95
68
73
84
100
93
17
24
27
6
96
76
76
56
56
96
35
41
10
91
11
59
90
17
56
58
77
86
74
32
100
7
10
34
35
65
41
86
57
8
55
40
19
6
96
23
49
25
91
79
27
44
74
65
73
36
79
57
29
42
16
32
50
95
6
90
67
43
21
91
55
50
85
3
36
71
40
85